2.633628
1.053375
0.436847
0.243678
0.131194
0.072535
0.040416
0.028790
0.022106
0.017088
0.013938
0.011633
0.009172
0.007781
0.006957
0.005965
0.005250
0.004711
0.004347
0.003988
0.003607
0.003224
0.002956
0.002670
0.002438
0.002234
0.002069
0.001928
0.001795
0.001696
0.001586
0.001486
0.001384
0.001302
0.001232
0.001147
0.001067
0.001000
0.000935
0.000887
0.000848
0.000806
0.000767
0.000719
0.000672
0.000645
0.000620
0.000600
0.000578
0.000551
0.000522
0.000497
0.000478
0.000462
0.000451
0.000440
0.000430
0.000421
0.000411
0.000401
0.000393
0.000384
0.000376
0.000368
0.000362
0.000354
0.000347
0.000338
0.000333
0.000325
0.000320
0.000313
0.000308
0.000303
0.000298
0.000292
0.000285
0.000280
0.000275
0.000269
0.000265
0.000261
0.000258
0.000256
0.000254
0.000251
0.000248
0.000245
0.000243
0.000240
0.000238
0.000236
0.000233
0.000230
0.000227
0.000223
0.000219
0.000217
0.000214
0.000212
