0.136338
0.059020
0.039130
0.034407
0.029788
0.025186
0.023758
0.021232
0.019070
0.017306
0.015801
0.014918
0.014029
0.013064
0.012472
0.011827
0.011339
0.010874
0.010464
0.010256
0.010072
0.009871
0.009696
0.009449
0.009243
0.009156
0.009151
0.009147
0.009068
0.008974
0.009007
0.009090
0.009129
0.009095
0.009108
0.009186
0.009216
0.009271
0.009375
0.009491
0.009585
0.009666
0.009797
0.009932
0.009964
0.009970
0.010015
0.010081
0.010161
0.010197
0.010267
0.010316
0.010389
0.010442
0.010378
0.010318
0.010234
0.010222
0.010174
0.010079
0.009999
0.009962
0.009890
0.009829
0.009804
0.009736
0.009670
0.009614
0.009554
0.009506
0.009459
0.009415
0.009411
0.009424
0.009420
0.009437
0.009461
0.009469
0.009495
0.009513
0.009557
0.009600
0.009617
0.009608
0.009589
0.009572
0.009544
0.009528
0.009490
0.009460
0.009443
0.009401
0.009371
0.009338
0.009322
0.009316
0.009331
0.009345
0.009371
0.009419
