0.042250
0.040500
0.023000
0.015750
0.013500
0.010500
0.008000
0.007250
0.006750
0.006000
0.005250
0.001500
0.000000
0.000000
0.000000
0.000000
0.000000
0.000000
0.000000
0.000000
0.000000
0.000000
0.000000
0.000000
0.000000
0.000000
0.000000
0.000000
0.000000
0.000000
0.000000
0.000000
0.000000
0.000000
0.000000
0.000000
0.000000
0.000000
0.000000
0.000000
0.000000
0.000000
0.000000
0.000000
0.000000
0.000000
0.000000
0.000000
0.000000
0.000000
0.000000
0.000000
0.000000
0.000000
0.000000
0.000000
0.000000
0.000250
0.000250
0.000250
0.000250
0.000250
0.000500
0.000750
0.001250
0.002250
0.003500
0.004500
0.004750
0.004750
0.005000
0.005250
0.005250
0.005750
0.005750
0.006000
0.006250
0.006750
0.006750
0.007000
0.007000
0.007000
0.007000
0.007000
0.007000
0.007250
0.007250
0.007250
0.007000
0.007250
0.007000
0.007000
0.006750
0.008000
0.009500
0.014500
0.024250
0.029000
0.043000
0.056000
