0.235585
0.390179
0.388549
0.386024
0.392245
0.391328
0.388772
0.391630
0.387383
0.385995
0.381011
0.379588
0.378677
0.378543
0.379004
0.379195
0.380476
0.380803
0.380462
0.379348
0.378504
0.378023
0.377853
0.378265
0.379536
0.379866
0.379970
0.381218
0.381628
0.381887
0.381650
0.382442
0.383418
0.383606
0.384593
0.384637
0.384133
0.384369
0.384467
0.383751
0.384008
0.383737
0.384314
0.384293
0.384642
0.384650
0.385006
0.384712
0.384960
0.385106
0.385371
0.384994
0.385382
0.385222
0.384923
0.384975
0.384804
0.384873
0.384595
0.383945
0.383243
0.382914
0.382247
0.382158
0.381890
0.382036
0.382065
0.381857
0.382004
0.381780
0.381581
0.381489
0.381511
0.382007
0.382534
0.382858
0.382483
0.382414
0.382420
0.382608
0.382871
0.382656
0.382846
0.382894
0.383150
0.383144
0.383155
0.383062
0.382851
0.382945
0.382897
0.383101
0.383155
0.383350
0.384101
0.384748
0.385674
0.386374
0.386447
0.387415
