0.033428
0.023848
0.023848
0.023848
0.023848
0.023848
0.023848
0.023848
0.023848
0.023848
0.023848
0.023848
0.023848
0.023848
0.023848
0.023848
0.023848
0.023848
0.023848
0.023848
0.023848
0.023848
0.023848
0.023848
0.023848
0.023848
0.023848
0.023848
0.023848
0.023848
0.023848
0.023848
0.023848
0.023848
0.023848
0.023848
0.023848
0.023848
0.023848
0.023848
0.023848
0.023848
0.023848
0.023848
0.023848
0.023848
0.023848
0.023848
0.023848
0.023848
0.023848
0.023848
0.023848
0.023848
0.023848
0.023848
0.023848
0.023848
0.023848
0.023848
0.023848
0.023848
0.023848
0.023848
0.023848
0.023848
0.023848
0.023848
0.023848
0.023848
0.023848
0.023848
0.023848
0.023848
0.023848
0.023848
0.023848
0.023848
0.023848
0.023848
0.023848
0.023848
0.023848
0.023848
0.023848
0.023848
0.023848
0.023848
0.023848
0.023848
0.023848
0.023848
0.023848
0.023848
0.023848
0.023848
0.023848
0.023848
0.023848
0.023848
