0.026347
0.032074
0.032074
0.032074
0.032074
0.032074
0.032074
0.032074
0.032074
0.032074
0.032074
0.032074
0.032074
0.032074
0.032074
0.032074
0.032074
0.032074
0.032074
0.032074
0.032074
0.032074
0.032074
0.032074
0.032074
0.032074
0.032074
0.032074
0.032074
0.032074
0.032074
0.032074
0.032074
0.032074
0.032074
0.032074
0.032074
0.032074
0.032074
0.032074
0.032074
0.032074
0.032074
0.032074
0.032074
0.032074
0.032074
0.032074
0.032074
0.032074
0.032074
0.032074
0.032074
0.032074
0.032074
0.032074
0.032074
0.032074
0.032074
0.032074
0.032074
0.032074
0.032074
0.032074
0.032074
0.032074
0.032074
0.032074
0.032074
0.032074
0.032074
0.032074
0.032074
0.032074
0.032074
0.032074
0.032074
0.032074
0.032074
0.032074
0.032074
0.032074
0.032074
0.032074
0.032074
0.032074
0.032074
0.032074
0.032074
0.032074
0.032074
0.032074
0.032074
0.032074
0.032074
0.032074
0.032074
0.032074
0.032074
0.032074
