0.476500
0.456250
0.500000
0.490500
0.086000
0.059750
0.846750
0.845250
0.845250
0.845250
0.845250
0.845250
0.845250
0.845250
0.845250
0.845250
0.845250
0.845250
0.845250
0.845250
0.845250
0.845250
0.845250
0.845250
0.845250
0.845250
0.845250
0.845250
0.845250
0.845250
0.845250
0.845250
0.845250
0.845250
0.845250
0.845250
0.845250
0.845250
0.845250
0.845250
0.845250
0.845250
0.845250
0.845250
0.845250
0.845250
0.845250
0.845250
0.845250
0.845250
0.845250
0.845250
0.845250
0.845250
0.845250
0.845250
0.845250
0.845250
0.845250
0.845250
0.845250
0.845250
0.845250
0.845250
0.845250
0.845250
0.845250
0.845250
0.845250
0.845250
0.845250
0.845250
0.845250
0.845250
0.845250
0.845250
0.845250
0.845250
0.845250
0.845250
0.845250
0.845250
0.845250
0.845250
0.845250
0.845250
0.845250
0.845250
0.845250
0.845250
0.845250
0.845250
0.845250
0.845250
0.845250
0.845250
0.845250
0.845250
0.845250
0.845250
