1.230807
1.117567
1.091804
1.068664
1.047672
1.036632
1.018984
1.018984
1.018984
1.018984
1.018984
1.018984
1.018984
1.018984
1.018984
1.018984
1.018984
1.018984
1.018984
1.018984
1.018984
1.018984
1.018984
1.018984
1.018984
1.018984
1.018984
1.018984
1.018984
1.018984
1.018984
1.018984
1.018984
1.018984
1.018984
1.018984
1.018984
1.018984
1.018984
1.018984
1.018984
1.018984
1.018984
1.018984
1.018984
1.018984
1.018984
1.018984
1.018984
1.018984
1.018984
1.018984
1.018984
1.018984
1.018984
1.018984
1.018984
1.018984
1.018984
1.018984
1.018984
1.018984
1.018984
1.018984
1.018984
1.018984
1.018984
1.018984
1.018984
1.018984
1.018984
1.018984
1.018984
1.018984
1.018984
1.018984
1.018984
1.018984
1.018984
1.018984
1.018984
1.018984
1.018984
1.018984
1.018984
1.018984
1.018984
1.018984
1.018984
1.018984
1.018984
1.018984
1.018984
1.018984
1.018984
1.018984
1.018984
1.018984
1.018984
1.018984
